$ANSIBLE_VAULT;1.1;AES256
32326139323034616462373263643536313466646162363030616238336164306461343433383531
3737393863326333356164373337353961396334633431300a393134346633653139373031383832
62353131313132303465353236626331366164343938386566343937623033303432393061303365
6533636235653336660a353164616531386661623036346261353431366231616337643430366561
35306432373637303939376237323639343436313565633632373336623838306464373234326234
63613932366534346461323539363363336163656435386665326338643934623332333835623865
31633936313934333766616633653432623930366338323535633130393334343039353232656335
33366262396263643333633536393566366538616337356137633331343464353039623531373365
34313863303538643262666630343933373733383862663165636264323234353064326536326462
35363438343535663964356462313763313739653064306133373635343231623738663333353535
63303033306333643161313139326134626364386363343338613933373436303264633166373635
62333435376339386266663235306539373733663364366533666263633935616433313437633530
37626663393239363365333235666165343566306234643465643732633135316636393239626363
39643564323636333932316430396133623839343632376236616431366430633063333336373664
36636136623135393062326237643637653533656233663565386439663266346462316536366163
63396339306266633335336164393434386331323637373030613237366463623661373064386365
37326339663862356462643631346634633636346332393836313635636666616163323465323163
3239383165333963643161646239626631303831373735383865
