$ANSIBLE_VAULT;1.1;AES256
62633937373065343837383637383662343038316261616463626464643937396662626136376537
3461663831383633633539643433313665373463313433390a313035313866356532393063626563
64323235666330373630613065653561653162323932626538383437613061656239663066636235
3366373163333138320a393734366533363038373461346666666630313836663131646132336238
37393930613166653831333466666136616163366332303030666565353661653762346639623663
32653332343938613966396465346532353165366261373338656135353733356461633338313939
39303032346130323563343137653966616237613437313064653834383634646232633766316561
37613061626663386130636365646132356439396139346464653966333565326566353036663161
32373736303235306634306661633566373734313362633664383539376364626435323763623162
34633839633731393135613637353539643866653138346166643039383037393636313663363866
66313537346164343765643334613233376139366139316636653130626537633332663738383836
61353563663437613538303132313734636263633530366632313632616565366264643235323736
63373234633162633430376564626230643166616633323134363464393735643030373262623830
33633038633031346264323434616265383363376262626361626535636165323562313732326361
61646362383563623733356131383463393231343832396238653532303835346238653337386336
65393961303239636236313830613738396139386536353531663663653264646666336162363530
34623738633365373539396634366136633862363561303866343764653139326530663337663963
63333263363365643962663639366566366661633535323338356132316632356561393061656564
63363634313733386165373330393734623063393532356233396663353330383665663632303566
30306332616137393666
