$ANSIBLE_VAULT;1.1;AES256
66323437306239626562643066366533363832666333386139336632323338373932326139316366
3238306134343532356235383532636462656334386437630a633331623430363334653265353733
66363336373664386633363532356635393262646134373031376336653034353139313638643566
3035613130313363370a326433363630363137396233393732306661623735313537646464303463
63376464623736363439343336636636353038633365643239336530383235613632306231323462
39363365613732383564306538613234653431353763353538353463336361393431363332623435
38616134313534623364313066373765373934643839613562373434373833653933336137373261
34353039663661343036373064353033393832326533313633383261303761623766343165366664
63313762653330323134373165383836653066663439623836383337303631376262346334373264
35353966353030386335336263313434343237313838323733363363623862666465616630643338
32613632623462636135316637643231316162333934353362303838346261656332393035306433
63633961393765633964346235393232313139646437613331306437346133393366383732623539
64323564356232383365393935303136383730333466623639313766643233323665623465626634
39323765376333623630656339376130336235356361306239643230623535393039646565666433
36376261656130316462323530386164653639393135316435336236646136343063656630636236
66653730386133636633326134313537346566313439663531636332326630336438326635356463
65626234663739313032343561383865666165356166663961373061393931323637373639653131
6663653762616663393436383037343533393030333037373937
