$ANSIBLE_VAULT;1.1;AES256
35613362383334663935303837616631653663623334623737366230356333643439336366323964
6233643037663034626338366636636130633365376638610a383735383134326466333664633262
61646231353439626631373832616530633662346131343431306130393534653634383630643631
6266356363393764360a396436633339663836396339663362613537653764646232376361626166
30356464306235323032346632636432353164643332616636656636306135303636636436313138
30623336663334633462393636346635623861643164616463336135613930656466343135313339
33343039636662316462656432623931303036616638643566623166383030326439393939653238
36613730333330633861613862663866376635626538663230376633333664656631333734666336
30353035653832306562613736346234323839333530653036323330333931383532313530383764
37633232363930646431326331353531333535333436653938363063633430366639376632663036
39626430653361366233303163383230653031383335653634393139333365396664633030393537
30646462306536313135646164653039626631346336396439363666623437623535643932633061
34393465306264313738646566393264393932393365313536336363666266373735
